#Radii
r 14.448
r 10.218
r 9.618
r 9.078
r 8.889
r 8.469
r 8.241
r 7.781
r 7.663
r 7.303
r 7.235
r 6.885
r 6.768
r 5.808
r 5.561
r 4.842
r 4.333
r 3.988
r 3.4
r 3.245
r 2.626
r 2.562
r 1.953
r 1.923
r 1.324
r 0
#Path
p 1 0 0 0 0 1 0 0 0 0 1 0 0 0 0 1 
p 1 0 0 0 0 1 0 0 0 0 1 0 0 40 0 1 
p 1 0 0 0 0 0.99974 -0.0228 0 0 0.0228 0.99974 0 0 59.9948 -0.456 1 
p 0.99974 -0.0228 0.000520001 0 0.0228059 0.99948 -0.0227941 0 -2.43308e-008 0.0228 0.99974 0 0.456119 79.9844 -0.911882 1 
p 0.99974 -0.0228 0.000519803 0 0.0228011 0.998798 -0.0433893 0 0.000470099 0.0433899 0.999058 0 0.912141 99.9604 -1.77967 1 
p 0.999057 -0.0433898 0.00141372 0 0.0434103 0.998116 -0.0433704 0 0.000470782 0.0433909 0.999058 0 1.78035 119.923 -2.64708 1 
p 0.999057 -0.0433898 0.00141362 0 0.0433917 0.999057 -0.00133206 0 -0.00135449 0.00139214 0.999998 0 2.64818 139.904 -2.67372 1 
p 0.999998 -0.00139109 0.0013565 0 0.00139298 0.999998 -0.00139037 0 -0.00135457 0.00139225 0.999998 0 2.67604 159.904 -2.70152 1 
p 0.999998 -0.00139106 0.00135646 0 0.00142902 0.999596 -0.0283899 0 -0.00131642 0.0283917 0.999596 0 2.70462 179.896 -3.26932 1 
p 0.999595 -0.0283905 0.00212191 0 0.0284393 0.999194 -0.0283428 0 -0.00131554 0.0283917 0.999596 0 3.27341 199.88 -3.83618 1 
p 0.999595 -0.0283906 0.00212178 0 0.0284442 0.999077 -0.0321826 0 -0.00120614 0.0322299 0.99948 0 3.84229 219.861 -4.47983 1 
p 0.999464 -0.0326486 0.00225896 0 0.0327045 0.998947 -0.0321732 0 -0.00120617 0.0322299 0.99948 0 4.49638 239.84 -5.1233 1 
p 0.999464 -0.0326487 0.00225898 0 0.0327075 0.998861 -0.0347331 0 -0.00112242 0.0347884 0.999394 0 5.15053 259.817 -5.81796 1 
p 0.999377 -0.0352072 0.00234803 0 0.0352676 0.998774 -0.0347272 0 -0.0011225 0.0347883 0.999394 0 5.85588 279.793 -6.5125 1 
p 0.999377 -0.0352072 0.00234803 0 0.0352676 0.998774 -0.0347272 0 -0.0011225 0.0347883 0.999394 0 6.56124 299.768 -7.20705 1 
p 0.999377 -0.0352072 0.00234803 0 0.0352676 0.998774 -0.0347272 0 -0.0011225 0.0347883 0.999394 0 7.26659 319.744 -7.90159 1 
p 0.999377 -0.0352062 0.00234901 0 0.0352458 0.999183 -0.019763 0 -0.00165131 0.0198335 0.999802 0 7.9715 339.727 -8.29685 1 
p 0.999793 -0.0202515 0.00205179 0 0.0202882 0.999598 -0.0197954 0 -0.00165007 0.019833 0.999802 0 8.37727 359.719 -8.69276 1 
p 0.999793 -0.0202521 0.00205191 0 0.0203127 0.999149 -0.035893 0 -0.00132325 0.0359273 0.999354 0 8.78352 379.702 -9.41062 1 
p 0.999335 -0.0363661 0.00263111 0 0.0364372 0.998692 -0.035856 0 -0.00132373 0.035928 0.999354 0 9.51226 399.676 -10.1277 1 
p 0.999335 -0.0363654 0.00263138 0 0.0364204 0.999017 -0.0252538 0 -0.00171042 0.0253328 0.999678 0 10.2407 419.657 -10.6328 1 
p 0.999666 -0.0257504 0.00236206 0 0.0258019 0.999347 -0.0252802 0 -0.00170955 0.0253327 0.999678 0 10.7567 439.644 -11.1384 1 
p 0.999666 -0.0257504 0.0023625 0 0.0257894 0.999499 -0.0183395 0 -0.00188906 0.0183943 0.999829 0 11.2725 459.634 -11.5052 1 
p 0.999821 -0.0187921 0.00223462 0 0.0188299 0.999654 -0.0183556 0 -0.00188891 0.0183944 0.999829 0 11.6491 479.627 -11.8723 1 
p 0.999821 -0.0187922 0.00223408 0 0.0188526 0.999339 -0.0310942 0 -0.00164827 0.0311308 0.999514 0 12.0262 499.613 -12.4942 1 
p 0.999499 -0.0315284 0.00263143 0 0.031595 0.999018 -0.0310632 0 -0.00164947 0.0311308 0.999514 0 12.6581 519.594 -13.1155 1 
#Radii
r 2.626
r 2.626
r 1.902
r 1.215
r 0
#Path
p 0.999335 -0.0363661 0.00263111 0 0.0364372 0.998692 -0.035856 0 -0.00132373 0.035928 0.999354 0 9.51226 399.676 -10.1277 1 
p 0.999335 -0.0363654 0.00263138 0 0.0364204 0.999017 -0.0252538 0 -0.00171042 0.0253328 0.999678 0 10.2407 419.657 -10.6328 1 
p 0.754853 -0.0452555 -0.65433 0 -0.391792 0.769086 -0.504981 0 0.526037 0.637586 0.562823 0 -5.43101 450.42 -30.832 1 
p 0.839675 0.00110556 -0.543088 0 -0.28667 0.850352 -0.441274 0 0.461279 0.526251 0.71434 0 -16.8978 484.434 -48.483 1 
p 0.839675 0.00110556 -0.543088 0 -0.28667 0.850352 -0.441274 0 0.461279 0.526251 0.71434 0 -28.3646 518.448 -66.1339 1 
#Radii
r 2.626
r 2.626
r 1.902
r 1.214
r 0
#Path
p 0.999335 -0.0363661 0.00263111 0 0.0364372 0.998692 -0.035856 0 -0.00132373 0.035928 0.999354 0 9.51226 399.676 -10.1277 1 
p 0.999335 -0.0363654 0.00263138 0 0.0364204 0.999017 -0.0252538 0 -0.00171042 0.0253328 0.999678 0 10.2407 419.657 -10.6328 1 
p 0.651002 -0.658024 0.378418 0 0.594929 0.751888 0.284121 0 -0.471568 0.039943 0.880925 0 34.0378 449.732 0.732039 1 
p 0.788766 -0.537599 0.298051 0 0.504106 0.843163 0.186957 0 -0.351866 0.00253552 0.936047 0 54.202 483.459 8.21033 1 
p 0.788766 -0.537599 0.298052 0 0.504106 0.843163 0.186957 0 -0.351866 0.00253552 0.936047 0 74.3663 517.185 15.6886 1 
#Radii
r 3.4
r 3.4
r 2.612
r 2.032
r 2.012
r 1.423
r 0
#Path
p 0.999793 -0.0202515 0.00205179 0 0.0202882 0.999598 -0.0197954 0 -0.00165007 0.019833 0.999802 0 8.37727 359.719 -8.69276 1 
p 0.999793 -0.0202521 0.00205191 0 0.0203127 0.999149 -0.035893 0 -0.00132325 0.0359273 0.999354 0 8.78352 379.702 -9.41062 1 
p 0.728356 0.637462 0.251275 0 -0.58407 0.769358 -0.258748 0 -0.358247 0.041652 0.932697 0 -14.5793 410.477 -19.7605 1 
p 0.846495 0.501298 0.179297 0 -0.478509 0.864014 -0.156553 0 -0.233386 0.0466914 0.971263 0 -33.7197 445.037 -26.0226 1 
p 0.846495 0.501298 0.179297 0 -0.478509 0.864014 -0.156553 0 -0.233386 0.0466914 0.971263 0 -52.86 479.598 -32.2847 1 
p 0.932612 0.349394 0.0903247 0 -0.344289 0.936433 -0.0675135 0 -0.108165 0.0318464 0.993623 0 -66.6316 517.055 -34.9853 1 
p 0.932612 0.349394 0.0903247 0 -0.344289 0.936433 -0.0675135 0 -0.108165 0.0318464 0.993623 0 -80.4032 554.513 -37.6858 1 
#Radii
r 3.4
r 3.4
r 2.612
r 2.032
r 2.012
r 1.423
r 0
#Path
p 0.999793 -0.0202515 0.00205179 0 0.0202882 0.999598 -0.0197954 0 -0.00165007 0.019833 0.999802 0 8.37727 359.719 -8.69276 1 
p 0.999793 -0.0202521 0.00205191 0 0.0203127 0.999149 -0.035893 0 -0.00132325 0.0359273 0.999354 0 8.78352 379.702 -9.41062 1 
p 0.997487 -0.022945 -0.0670335 0 0.0593219 0.788162 0.612602 0 0.0387683 -0.61504 0.787542 0 11.1564 411.229 15.0935 1 
p 0.999851 0.00747345 0.0155785 0 -0.0138729 0.883429 0.468359 0 -0.0102766 -0.468508 0.8834 0 10.6015 446.566 33.8278 1 
p 0.999851 0.00747345 0.0155785 0 -0.0138729 0.883429 0.468359 0 -0.0102766 -0.468508 0.8834 0 10.0466 481.903 52.5622 1 
p 0.999851 0.0074748 0.0155781 0 -0.0137213 0.890231 0.455303 0 -0.0104791 -0.455451 0.890199 0 9.49771 517.512 70.7743 1 
p 0.999945 -0.00562646 0.00887853 0 0.00099275 0.890244 0.455483 0 -0.0104812 -0.455451 0.890199 0 9.53742 553.122 88.9936 1 
#Radii
r 4.333
r 4.333
r 3.242
r 2.692
r 2.642
r 2.052
r 2.022
r 1.423
r 0
#Path
p 0.999377 -0.0352072 0.00234803 0 0.0352676 0.998774 -0.0347272 0 -0.0011225 0.0347883 0.999394 0 7.26659 319.744 -7.90159 1 
p 0.999377 -0.0352062 0.00234901 0 0.0352458 0.999183 -0.019763 0 -0.00165131 0.0198335 0.999802 0 7.9715 339.727 -8.29685 1 
p 0.563472 0.634318 0.529283 0 -0.427036 0.772129 -0.470591 0 -0.707138 0.0389567 0.706001 0 -9.10994 370.613 -27.1205 1 
p 0.709673 0.520709 0.47458 0 -0.386651 0.851003 -0.35538 0 -0.588895 0.0685225 0.805299 0 -24.576 404.653 -41.3357 1 
p 0.709673 0.520709 0.47458 0 -0.386651 0.851003 -0.35538 0 -0.588895 0.0685225 0.805299 0 -40.042 438.693 -55.5509 1 
p 0.832676 0.394467 0.388647 0 -0.320272 0.915632 -0.242992 0 -0.451705 0.0776884 0.888778 0 -52.8529 475.318 -65.2706 1 
p 0.832676 0.394467 0.388647 0 -0.320272 0.915632 -0.242992 0 -0.451705 0.0776884 0.888778 0 -65.6638 511.943 -74.9903 1 
p 0.832742 0.394345 0.388629 0 -0.434011 0.900763 0.0161429 0 -0.343674 -0.182283 0.921228 0 -83.0242 547.974 -74.3445 1 
p 0.678199 0.630452 0.377593 0 -0.649385 0.754687 -0.0935299 0 -0.343863 -0.181931 0.921227 0 -109 578.161 -78.0857 1 
#Radii
r 2.052
r 2.052
r 0
#Path
p 0.709673 0.520709 0.47458 0 -0.386651 0.851003 -0.35538 0 -0.588895 0.0685225 0.805299 0 -40.042 438.693 -55.5509 1 
p 0.832676 0.394467 0.388647 0 -0.320272 0.915632 -0.242992 0 -0.451705 0.0776884 0.888778 0 -52.8529 475.318 -65.2706 1 
p 0.780431 0.400992 0.479721 0 -0.590682 0.724374 0.355495 0 -0.204881 -0.560939 0.802104 0 -76.4802 504.293 -51.0508 1 
#Radii
r 2.052
r 2.052
r 0
#Path
p 0.709673 0.520709 0.47458 0 -0.386651 0.851003 -0.35538 0 -0.588895 0.0685225 0.805299 0 -40.042 438.693 -55.5509 1 
p 0.832676 0.394467 0.388647 0 -0.320272 0.915632 -0.242992 0 -0.451705 0.0776884 0.888778 0 -52.8529 475.318 -65.2706 1 
p 0.518734 0.839755 -0.160394 0 -0.851701 0.491551 -0.181611 0 -0.073679 0.230833 0.9702 0 -86.921 494.98 -72.535 1 
#Radii
r 4.333
r 4.333
r 3.232
r 2.702
r 2.642
r 2.052
r 2.012
r 1.423
r 0
#Path
p 0.999377 -0.0352072 0.00234803 0 0.0352676 0.998774 -0.0347272 0 -0.0011225 0.0347883 0.999394 0 7.26659 319.744 -7.90159 1 
p 0.999377 -0.0352062 0.00234901 0 0.0352458 0.999183 -0.019763 0 -0.00165131 0.0198335 0.999802 0 7.9715 339.727 -8.29685 1 
p 0.9119 -0.0236107 0.409732 0 -0.236042 0.786658 0.570485 0 -0.33576 -0.616953 0.711783 0 -1.47016 371.194 14.5226 1 
p 0.956241 0.00757155 0.292483 0 -0.148166 0.874651 0.461555 0 -0.252301 -0.484705 0.8375 0 -7.39681 406.18 32.9847 1 
p 0.956241 0.00757155 0.292483 0 -0.148166 0.874651 0.461555 0 -0.252301 -0.484705 0.8375 0 -13.3234 441.166 51.4469 1 
p 0.956231 0.00762982 0.292515 0 -0.170006 0.828261 0.53393 0 -0.238181 -0.5603 0.793306 0 -20.1237 474.296 72.8041 1 
p 0.93744 0.0810477 0.338583 0 -0.254047 0.824353 0.505869 0 -0.238087 -0.560246 0.793372 0 -30.2856 507.27 93.0389 1 
p 0.974099 0.0721788 0.214292 0 -0.153023 0.908256 0.389429 0 -0.166507 -0.41214 0.895777 0 -36.4065 543.601 108.616 1 
p 0.974099 0.0721788 0.214292 0 -0.153023 0.908256 0.389429 0 -0.166507 -0.41214 0.895777 0 -42.5274 579.931 124.193 1 
#Radii
r 2.052
r 2.052
r 0
#Path
p 0.956241 0.00757155 0.292483 0 -0.148166 0.874651 0.461555 0 -0.252301 -0.484705 0.8375 0 -13.3234 441.166 51.4469 1 
p 0.956231 0.00762982 0.292515 0 -0.170006 0.828261 0.53393 0 -0.238181 -0.5603 0.793306 0 -20.1237 474.296 72.8041 1 
p 0.696657 -0.282028 0.659643 0 -0.578455 0.323619 0.748773 0 -0.424513 -0.903274 0.0623252 0 -43.2619 487.241 102.755 1 
#Radii
r 2.052
r 2.052
r 0
#Path
p 0.956241 0.00757155 0.292483 0 -0.148166 0.874651 0.461555 0 -0.252301 -0.484705 0.8375 0 -13.3234 441.166 51.4469 1 
p 0.956231 0.00762982 0.292515 0 -0.170006 0.828261 0.53393 0 -0.238181 -0.5603 0.793306 0 -20.1237 474.296 72.8041 1 
p 0.708191 -0.273238 0.651004 0 -0.571098 0.320107 0.755896 0 -0.415007 -0.907071 0.0706486 0 -42.9676 487.101 103.04 1 
#Radii
r 5.561
r 5.561
r 3.813
r 3.283
r 3.193
r 2.584
r 2.542
r 1.933
r 1.922
r 1.323
r 0
#Path
p 0.999377 -0.0352072 0.00234803 0 0.0352676 0.998774 -0.0347272 0 -0.0011225 0.0347883 0.999394 0 5.85588 279.793 -6.5125 1 
p 0.999377 -0.0352072 0.00234803 0 0.0352676 0.998774 -0.0347272 0 -0.0011225 0.0347883 0.999394 0 6.56124 299.768 -7.20705 1 
p 0.653129 -0.652293 0.384626 0 0.593072 0.756437 0.275806 0 -0.470874 0.047909 0.880898 0 30.2841 330.026 3.82518 1 
p 0.790924 -0.532363 0.301709 0 0.500803 0.846467 0.180805 0 -0.351657 0.00801297 0.936095 0 50.3162 363.884 11.0574 1 
p 0.790924 -0.532363 0.301709 0 0.500803 0.846467 0.180805 0 -0.351657 0.00801297 0.936095 0 70.3484 397.743 18.2896 1 
p 0.897429 -0.394072 0.198313 0 0.381859 0.918986 0.0982284 0 -0.220962 -0.0125252 0.975202 0 85.6227 434.503 22.2187 1 
p 0.897429 -0.394072 0.198313 0 0.381859 0.918986 0.0982284 0 -0.220962 -0.0125252 0.975202 0 100.897 471.262 26.1478 1 
p 0.897442 -0.394042 0.198315 0 0.349954 0.909628 0.22385 0 -0.268602 -0.131591 0.95422 0 114.895 507.647 35.1019 1 
p 0.935239 -0.272769 0.225666 0 0.230607 0.953031 0.196349 0 -0.268615 -0.131692 0.954203 0 124.12 545.768 42.9558 1 
p 0.935214 -0.272949 0.22555 0 0.15073 0.883258 0.443999 0 -0.320391 -0.38133 0.867143 0 130.149 581.099 60.7158 1 
p 0.941434 -0.026949 0.336118 0 -0.104894 0.923912 0.367947 0 -0.320418 -0.381742 0.866952 0 125.953 618.055 75.4337 1 
#Radii
r 2.584
r 2.584
r 1.901
r 1.213
r 0
#Path
p 0.790924 -0.532363 0.301709 0 0.500803 0.846467 0.180805 0 -0.351657 0.00801297 0.936095 0 70.3484 397.743 18.2896 1 
p 0.897429 -0.394072 0.198313 0 0.381859 0.918986 0.0982284 0 -0.220962 -0.0125252 0.975202 0 85.6227 434.503 22.2187 1 
p 0.425082 -0.891989 0.153822 0 0.854479 0.451488 0.25695 0 -0.298719 0.0221323 0.954085 0 119.802 452.562 32.4967 1 
p 0.583995 -0.803319 0.116742 0 0.786844 0.595523 0.161956 0 -0.199686 -0.00281651 0.979856 0 151.276 476.383 38.975 1 
p 0.583995 -0.803319 0.116742 0 0.786844 0.595523 0.161956 0 -0.199686 -0.00281651 0.979856 0 182.749 500.204 45.4532 1 
#Radii
r 2.584
r 2.584
r 1.901
r 1.214
r 0
#Path
p 0.790924 -0.532363 0.301709 0 0.500803 0.846467 0.180805 0 -0.351657 0.00801297 0.936095 0 70.3484 397.743 18.2896 1 
p 0.897429 -0.394072 0.198313 0 0.381859 0.918986 0.0982284 0 -0.220962 -0.0125252 0.975202 0 85.6227 434.503 22.2187 1 
p 0.865645 0.297377 0.402774 0 -0.228523 0.950486 -0.210602 0 -0.445397 0.0903231 0.890766 0 76.4818 472.522 13.7946 1 
p 0.865618 0.297375 0.402831 0 -0.277381 0.954599 -0.108631 0 -0.416786 -0.0176454 0.908833 0 65.3866 510.706 9.44938 1 
p 0.828771 0.403257 0.387973 0 -0.373328 0.914919 -0.153456 0 -0.416792 -0.0175944 0.908832 0 50.4535 547.303 3.31113 1 
#Radii
r 5.561
r 5.561
r 3.823
r 3.273
r 3.203
r 2.594
r 2.552
r 1.932
r 1.912
r 1.313
r 0
#Path
p 0.999377 -0.0352072 0.00234803 0 0.0352676 0.998774 -0.0347272 0 -0.0011225 0.0347883 0.999394 0 5.85588 279.793 -6.5125 1 
p 0.999377 -0.0352072 0.00234803 0 0.0352676 0.998774 -0.0347272 0 -0.0011225 0.0347883 0.999394 0 6.56124 299.768 -7.20705 1 
p 0.934002 -0.0465773 -0.354218 0 0.256374 0.778072 0.573477 0 0.248866 -0.626451 0.738664 0 16.8162 330.891 15.732 1 
p 0.970502 -0.0518773 -0.235447 0 0.158834 0.872445 0.462181 0 0.181414 -0.485953 0.85495 0 23.1696 365.789 34.2193 1 
p 0.970502 -0.0518773 -0.235447 0 0.158834 0.872445 0.462181 0 0.181414 -0.485953 0.85495 0 29.5229 400.687 52.7065 1 
p 0.970486 -0.0519879 -0.235486 0 0.176238 0.819662 0.545064 0 0.164658 -0.570486 0.804632 0 36.5724 433.473 74.5091 1 
p 0.983224 0.0300885 -0.179902 0 0.0784853 0.820772 0.565839 0 0.16466 -0.570476 0.804639 0 39.7118 466.304 97.1426 1 
p 0.996611 0.00656284 -0.0819928 0 0.0287936 0.906283 0.421691 0 0.077053 -0.422633 0.90302 0 40.8636 502.555 114.01 1 
p 0.996611 0.00656284 -0.0819928 0 0.0287936 0.906283 0.421691 0 0.077053 -0.422633 0.90302 0 42.0153 538.807 130.878 1 
p 0.996611 0.00648899 -0.0820033 0 0.0464555 0.778926 0.625393 0 0.0679094 -0.627091 0.77598 0 43.8735 569.964 155.894 1 
p 0.978604 0.193288 0.0705238 0 -0.194148 0.754619 0.626783 0 0.0679111 -0.627078 0.775991 0 36.1076 600.148 180.965 1 
#Radii
r 2.594
r 2.594
r 1.901
r 1.214
r 0
#Path
p 0.970502 -0.0518773 -0.235447 0 0.158834 0.872445 0.462181 0 0.181414 -0.485953 0.85495 0 29.5229 400.687 52.7065 1 
p 0.970486 -0.0519879 -0.235486 0 0.176238 0.819662 0.545064 0 0.164658 -0.570486 0.804632 0 36.5724 433.473 74.5091 1 
p 0.968544 -0.24296 0.0537938 0 0.02082 0.295019 0.955265 0 -0.247916 -0.924121 0.290756 0 37.4052 445.274 112.72 1 
p 0.987583 -0.149935 0.0468997 0 0.0269661 0.456642 0.889242 0 -0.154699 -0.876963 0.454978 0 38.4838 463.54 148.289 1 
p 0.987583 -0.149935 0.0468997 0 0.0269661 0.456642 0.889242 0 -0.154699 -0.876962 0.454978 0 39.5625 481.805 183.859 1 
#Radii
r 2.594
r 2.594
r 1.901
r 1.214
r 0
#Path
p 0.970502 -0.0518773 -0.235447 0 0.158834 0.872445 0.462181 0 0.181414 -0.485953 0.85495 0 29.5229 400.687 52.7065 1 
p 0.970486 -0.0519879 -0.235486 0 0.176238 0.819662 0.545064 0 0.164658 -0.570486 0.804632 0 36.5724 433.473 74.5091 1 
p 0.828069 0.555608 0.0748479 0 -0.463713 0.603898 0.648288 0 0.314982 -0.571564 0.757694 0 18.0239 457.629 100.441 1 
p 0.896224 0.442738 0.0276723 0 -0.38765 0.751489 0.533846 0 0.215533 -0.489211 0.845114 0 2.51791 487.689 121.794 1 
p 0.896224 0.442738 0.0276723 0 -0.38765 0.751489 0.533846 0 0.215533 -0.489211 0.845114 0 -12.9881 517.748 143.148 1 
#Radii
r 6.768
r 6.768
r 4.362
r 3.803
r 3.683
r 3.064
r 2.972
r 2.373
r 2.342
r 1.734
r 1.712
r 1.107
r 0
#Path
p 0.999464 -0.0326486 0.00225896 0 0.0327045 0.998947 -0.0321732 0 -0.00120617 0.0322299 0.99948 0 4.49638 239.84 -5.1233 1 
p 0.999464 -0.0326487 0.00225898 0 0.0327075 0.998861 -0.0347331 0 -0.00112242 0.0347884 0.999394 0 5.15053 259.817 -5.81796 1 
p 0.538267 -0.640712 0.5475 0 0.493021 0.766322 0.411923 0 -0.68342 0.0484246 0.728417 0 24.8714 290.47 10.659 1 
p 0.692714 -0.534315 0.484411 0 0.438936 0.845329 0.304556 0 -0.572176 0.00187662 0.820129 0 42.4288 324.283 22.8412 1 
p 0.692714 -0.534316 0.484411 0 0.438936 0.845329 0.304556 0 -0.572176 0.00187662 0.820129 0 59.9863 358.096 35.0235 1 
p 0.822481 -0.412319 0.391814 0 0.359562 0.91069 0.203368 0 -0.440662 -0.0261728 0.897292 0 74.3687 394.524 43.1582 1 
p 0.822481 -0.412319 0.391814 0 0.359562 0.91069 0.203368 0 -0.440662 -0.0261728 0.897292 0 88.7512 430.952 51.2929 1 
p 0.822481 -0.412319 0.391814 0 0.358648 0.910634 0.205227 0 -0.441406 -0.0280596 0.896869 0 103.097 467.377 59.502 1 
p 0.823158 -0.410595 0.392201 0 0.357092 0.911412 0.204484 0 -0.441406 -0.0280584 0.896869 0 117.381 503.834 67.6814 1 
p 0.823238 -0.410511 0.392122 0 0.264308 0.888514 0.375079 0 -0.502388 -0.20493 0.840006 0 127.953 539.374 82.6845 1 
p 0.858937 -0.22959 0.457729 0 0.0989032 0.951454 0.291468 0 -0.50247 -0.204874 0.839971 0 131.909 577.432 94.3432 1 
p 0.858936 -0.22963 0.457711 0 0.0802843 0.943205 0.322363 0 -0.505787 -0.239937 0.828619 0 135.121 615.16 107.238 1 
p 0.861321 -0.19464 0.469299 0 0.0485112 0.95104 0.305236 0 -0.505786 -0.239935 0.82862 0 137.061 653.202 119.447 1 
#Radii
r 1.734
r 1.734
r 0
#Path
p 0.823158 -0.410595 0.392201 0 0.357092 0.911412 0.204484 0 -0.441406 -0.0280584 0.896869 0 117.381 503.834 67.6814 1 
p 0.823238 -0.410511 0.392122 0 0.264308 0.888514 0.375079 0 -0.502388 -0.20493 0.840006 0 127.953 539.374 82.6845 1 
p 0.878459 -0.382306 0.286621 0 -0.0538657 0.516987 0.854297 0 -0.474849 -0.765776 0.433713 0 125.798 560.054 116.856 1 
#Radii
r 1.734
r 1.734
r 0
#Path
p 0.823158 -0.410595 0.392201 0 0.357092 0.911412 0.204484 0 -0.441406 -0.0280584 0.896869 0 117.381 503.834 67.6814 1 
p 0.823238 -0.410511 0.392122 0 0.264308 0.888514 0.375079 0 -0.502388 -0.20493 0.840006 0 127.953 539.374 82.6845 1 
p 0.568814 -0.76502 -0.301986 0 0.8221 0.518368 0.235471 0 -0.0234076 -0.381952 0.923886 0 160.837 560.109 92.1033 1 
#Radii
r 3.064
r 3.064
r 2.301
r 1.621
r 0
#Path
p 0.692714 -0.534316 0.484411 0 0.438936 0.845329 0.304556 0 -0.572176 0.00187662 0.820129 0 59.9863 358.096 35.0235 1 
p 0.822481 -0.412319 0.391814 0 0.359562 0.91069 0.203368 0 -0.440662 -0.0261728 0.897292 0 74.3687 394.524 43.1582 1 
p 0.546781 -0.381884 0.745114 0 0.760988 0.597691 -0.252317 0 -0.34891 0.705132 0.617293 0 104.808 418.432 33.0656 1 
p 0.675547 -0.381878 0.630718 0 0.649952 0.712206 -0.265188 0 -0.347886 0.589251 0.729218 0 130.806 446.92 22.458 1 
p 0.675547 -0.381878 0.630718 0 0.649952 0.712206 -0.265188 0 -0.347886 0.589251 0.729218 0 156.804 475.408 11.8505 1 
#Radii
r 1.621
r 1.621
r 0
#Path
p 0.546781 -0.381884 0.745114 0 0.760988 0.597691 -0.252317 0 -0.34891 0.705132 0.617293 0 104.808 418.432 33.0656 1 
p 0.675547 -0.381878 0.630718 0 0.649952 0.712206 -0.265188 0 -0.347886 0.589251 0.729218 0 130.806 446.92 22.458 1 
p 0.734814 -0.677994 -0.0192924 0 0.622267 0.662804 0.416504 0 -0.269566 -0.317869 0.909007 0 155.697 473.432 39.1182 1 
#Radii
r 1.621
r 1.621
r 0
#Path
p 0.546781 -0.381884 0.745114 0 0.760988 0.597691 -0.252317 0 -0.34891 0.705132 0.617293 0 104.808 418.432 33.0656 1 
p 0.675547 -0.381878 0.630718 0 0.649952 0.712206 -0.265188 0 -0.347886 0.589251 0.729218 0 130.806 446.92 22.458 1 
p 0.73808 -0.674709 -0.00246529 0 0.381725 0.420825 -0.822917 0 0.556258 0.606583 0.568008 0 146.075 463.753 -10.4587 1 
#Radii
r 3.064
r 3.064
r 2.301
r 1.621
r 0
#Path
p 0.692714 -0.534316 0.484411 0 0.438936 0.845329 0.304556 0 -0.572176 0.00187662 0.820129 0 59.9863 358.096 35.0235 1 
p 0.822481 -0.412319 0.391814 0 0.359562 0.91069 0.203368 0 -0.440662 -0.0261728 0.897292 0 74.3687 394.524 43.1582 1 
p 0.270401 -0.310131 0.911429 0 -0.298033 0.873365 0.38524 0 -0.915509 -0.375725 0.143783 0 62.4474 429.459 58.5678 1 
p 0.270399 -0.310127 0.91143 0 -0.28032 0.880453 0.382391 0 -0.921084 -0.35881 0.151192 0 51.2346 464.677 73.8635 1 
p 0.27575 -0.327064 0.903876 0 -0.275051 0.874309 0.399914 0 -0.921086 -0.358808 0.151186 0 40.2326 499.649 89.86 1 
#Radii
r 1.621
r 1.621
r 0
#Path
p 0.270401 -0.310131 0.911429 0 -0.298033 0.873365 0.38524 0 -0.915509 -0.375725 0.143783 0 62.4474 429.459 58.5678 1 
p 0.270399 -0.310127 0.91143 0 -0.28032 0.880453 0.382391 0 -0.921084 -0.35881 0.151192 0 51.2346 464.677 73.8635 1 
p 0.146276 -0.880021 0.451848 0 -0.243216 0.411048 0.87857 0 -0.958913 -0.238385 -0.153816 0 41.506 481.119 109.006 1 
#Radii
r 1.621
r 1.621
r 0
#Path
p 0.270401 -0.310131 0.911429 0 -0.298033 0.873365 0.38524 0 -0.915509 -0.375725 0.143783 0 62.4474 429.459 58.5678 1 
p 0.270399 -0.310127 0.91143 0 -0.28032 0.880453 0.382391 0 -0.921084 -0.35881 0.151192 0 51.2346 464.677 73.8635 1 
p 0.706172 -0.0810297 0.703388 0 0.203204 0.974788 -0.0921791 0 -0.678153 0.208119 0.704837 0 59.3628 503.668 70.1763 1 
#Radii
r 6.768
r 6.768
r 4.363
r 3.813
r 3.683
r 3.074
r 2.982
r 2.373
r 2.343
r 1.734
r 1.713
r 1.107
r 0
#Path
p 0.999464 -0.0326486 0.00225896 0 0.0327045 0.998947 -0.0321732 0 -0.00120617 0.0322299 0.99948 0 4.49638 239.84 -5.1233 1 
p 0.999464 -0.0326487 0.00225898 0 0.0327075 0.998861 -0.0347331 0 -0.00112242 0.0347884 0.999394 0 5.15053 259.817 -5.81796 1 
p 0.932939 -0.0173087 0.35962 0 0.255164 0.73635 -0.626642 0 -0.253977 0.676374 0.691385 0 15.3571 289.271 -30.8836 1 
p 0.968629 -0.033475 0.246245 0 0.161141 0.838799 -0.520048 0 -0.189163 0.543405 0.81788 0 21.8027 322.823 -51.6856 1 
p 0.968629 -0.033475 0.246245 0 0.161141 0.838799 -0.520048 0 -0.189163 0.543405 0.81788 0 28.2483 356.375 -72.4875 1 
p 0.990601 -0.0309351 0.133237 0 0.0803672 0.919644 -0.384442 0 -0.110663 0.391526 0.913489 0 31.463 393.161 -87.8652 1 
p 0.990601 -0.0309351 0.133237 0 0.0803672 0.919644 -0.384442 0 -0.110663 0.391526 0.913489 0 34.6777 429.947 -103.243 1 
p 0.990605 -0.030919 0.133215 0 0.0630427 0.967554 -0.244672 0 -0.121353 0.250759 0.960413 0 37.1994 468.649 -113.03 1 
p 0.989006 0.112856 0.095559 0 -0.0844803 0.961435 -0.261735 0 -0.121435 0.250769 0.9604 0 33.8202 507.106 -123.499 1 
p 0.989009 0.11283 0.0955555 0 -0.103995 0.990178 -0.0934466 0 -0.105183 0.0824665 0.991028 0 29.6604 546.714 -127.237 1 
p 0.9566 0.280735 0.0781324 0 -0.271834 0.956221 -0.108386 0 -0.105159 0.0824234 0.991034 0 18.7871 584.962 -131.572 1 
p 0.956596 0.280725 0.0782124 0 -0.28183 0.959461 0.00248019 0 -0.0743651 -0.0244345 0.996932 0 7.51385 623.341 -131.473 1 
p 0.919284 0.385787 0.078004 0 -0.386564 0.922241 -0.00622879 0 -0.0743588 -0.024449 0.996932 0 -7.94872 660.23 -131.722 1 
#Radii
r 1.734
r 1.734
r 0
#Path
p 0.989006 0.112856 0.095559 0 -0.0844803 0.961435 -0.261735 0 -0.121435 0.250769 0.9604 0 33.8202 507.106 -123.499 1 
p 0.989009 0.11283 0.0955555 0 -0.103995 0.990178 -0.0934466 0 -0.105183 0.0824665 0.991028 0 29.6604 546.714 -127.237 1 
p 0.824279 0.138102 0.549083 0 0.278296 0.745557 -0.605554 0 -0.493055 0.651921 0.576104 0 40.7923 576.536 -151.459 1 
#Radii
r 1.734
r 1.734
r 0
#Path
p 0.989006 0.112856 0.095559 0 -0.0844803 0.961435 -0.261735 0 -0.121435 0.250769 0.9604 0 33.8202 507.106 -123.499 1 
p 0.989009 0.11283 0.0955555 0 -0.103995 0.990178 -0.0934466 0 -0.105183 0.0824665 0.991028 0 29.6604 546.714 -127.237 1 
p 0.921602 0.131062 0.365339 0 -0.320054 0.788759 0.52481 0 -0.219478 -0.600594 0.768841 0 16.8582 578.264 -106.245 1 
#Radii
r 3.074
r 3.074
r 2.301
r 1.621
r 1.611
r 1
r 0
#Path
p 0.968629 -0.033475 0.246245 0 0.161141 0.838799 -0.520048 0 -0.189163 0.543405 0.81788 0 28.2483 356.375 -72.4875 1 
p 0.990601 -0.0309351 0.133237 0 0.0803672 0.919644 -0.384442 0 -0.110663 0.391526 0.913489 0 31.463 393.161 -87.8652 1 
p 0.606661 0.753233 0.254171 0 -0.406009 0.56842 -0.715581 0 -0.683471 0.330838 0.650702 0 15.2227 415.898 -116.488 1 
p 0.723413 0.639304 0.260701 0 -0.398409 0.694889 -0.598665 0 -0.563889 0.329135 0.75743 0 -0.713678 443.693 -140.435 1 
p 0.723413 0.639304 0.260701 0 -0.398409 0.694889 -0.598665 0 -0.563889 0.329135 0.75743 0 -16.65 471.489 -164.382 1 
p 0.825895 0.509929 0.240562 0 -0.361658 0.806392 -0.467906 0 -0.43259 0.299369 0.850438 0 -31.1163 503.745 -183.098 1 
p 0.825895 0.509929 0.240562 0 -0.361658 0.806392 -0.467906 0 -0.43259 0.299369 0.850438 0 -45.5827 536 -201.814 1 
#Radii
r 1.621
r 1.621
r 0
#Path
p 0.606661 0.753233 0.254171 0 -0.406009 0.56842 -0.715581 0 -0.683471 0.330838 0.650702 0 15.2227 415.898 -116.488 1 
p 0.723413 0.639304 0.260701 0 -0.398409 0.694889 -0.598665 0 -0.563889 0.329135 0.75743 0 -0.713678 443.693 -140.435 1 
p 0.913822 0.356857 -0.193861 0 -0.254475 0.131014 -0.958164 0 -0.31655 0.924899 0.210616 0 -10.8927 448.934 -178.762 1 
#Radii
r 1.621
r 1.621
r 0
#Path
p 0.606661 0.753233 0.254171 0 -0.406009 0.56842 -0.715581 0 -0.683471 0.330838 0.650702 0 15.2227 415.898 -116.488 1 
p 0.723413 0.639304 0.260701 0 -0.398409 0.694889 -0.598665 0 -0.563889 0.329135 0.75743 0 -0.713678 443.693 -140.435 1 
p 0.794851 0.587264 0.152755 0 -0.0109882 0.26556 -0.964032 0 -0.606741 0.764537 0.2176 0 -1.15321 454.316 -178.996 1 
#Radii
r 3.074
r 3.074
r 2.301
r 1.621
r 0
#Path
p 0.968629 -0.033475 0.246245 0 0.161141 0.838799 -0.520048 0 -0.189163 0.543405 0.81788 0 28.2483 356.375 -72.4875 1 
p 0.990601 -0.0309351 0.133237 0 0.0803672 0.919644 -0.384442 0 -0.110663 0.391526 0.913489 0 31.463 393.161 -87.8652 1 
p 0.657976 0.725928 0.20024 0 -0.448643 0.591455 -0.67 0 -0.604773 0.35081 0.71497 0 13.5173 416.819 -114.665 1 
p 0.767882 0.606819 0.205252 0 -0.423354 0.721177 -0.548338 0 -0.480746 0.333959 0.810774 0 -3.41686 445.666 -136.599 1 
p 0.767882 0.606819 0.205252 0 -0.423354 0.721177 -0.548338 0 -0.480746 0.333959 0.810774 0 -20.351 474.513 -158.532 1 
#Radii
r 1.621
r 1.621
r 0
#Path
p 0.657976 0.725928 0.20024 0 -0.448643 0.591455 -0.67 0 -0.604773 0.35081 0.71497 0 13.5173 416.819 -114.665 1 
p 0.767882 0.606819 0.205252 0 -0.423354 0.721177 -0.548338 0 -0.480746 0.333959 0.810774 0 -3.41686 445.666 -136.599 1 
p 0.886336 0.204377 -0.415497 0 -0.203736 0.977924 0.0464393 0 0.415778 0.0432679 0.908436 0 -11.5663 484.783 -134.741 1 
#Radii
r 1.621
r 1.621
r 0
#Path
p 0.657976 0.725928 0.20024 0 -0.448643 0.591455 -0.67 0 -0.604773 0.35081 0.71497 0 13.5173 416.819 -114.665 1 
p 0.767882 0.606819 0.205252 0 -0.423354 0.721177 -0.548338 0 -0.480746 0.333959 0.810774 0 -3.41686 445.666 -136.599 1 
p 0.965727 -0.221429 0.135429 0 0.257698 0.755721 -0.602061 0 0.0308262 0.616188 0.786995 0 6.89105 475.895 -160.681 1 
