#Radii
r 11.456
r 8.046
r 7.417
r 6.827
r 6.69
r 6.31
r 6.174
r 5.774
r 5.74
r 5.24
r 4.905
r 4.535
r 4.336
r 3.578
r 3.284
r 2.822
r 2.397
r 2.143
r 1.527
r 0
#Path
p 1 0 0 0 0 1 0 0 0 0 1 0 0 0 0 1 
p 1 0 0 0 0 1 0 0 0 0 1 0 0 40 0 1 
p 1 0 0 0 0 0.9993 -0.0374 0 0 0.0374 0.9993 0 0 59.986 -0.748 1 
p 0.999299 -0.0374 0.0014 0 0.0374262 0.9986 -0.0373737 0 -2.63215e-007 0.0373999 0.9993 0 0.748524 79.958 -1.49547 1 
p 0.999299 -0.0373999 0.00139997 0 0.0374042 0.996735 -0.0715518 0 0.00128063 0.071554 0.997436 0 1.49661 99.8927 -2.92651 1 
p 0.997429 -0.0715539 0.00385839 0 0.0716465 0.994868 -0.0714491 0 0.00127387 0.0715419 0.997437 0 2.92954 119.79 -4.35549 1 
p 0.997429 -0.0715539 0.00385839 0 0.0716465 0.994868 -0.0714491 0 0.00127387 0.0715419 0.997437 0 4.36247 139.687 -5.78447 1 
p 0.997429 -0.0715539 0.00385839 0 0.0716465 0.994868 -0.0714491 0 0.00127387 0.0715419 0.997437 0 5.7954 159.585 -7.21345 1 
p 0.997429 -0.0715562 0.00386098 0 0.0716561 0.996501 -0.0430197 0 -0.000769149 0.0431858 0.999067 0 7.22852 179.515 -8.07385 1 
p 0.999063 -0.0432002 0.00263616 0 0.0432737 0.998133 -0.0431125 0 -0.000768776 0.0431861 0.999067 0 8.094 199.477 -8.9361 1 
p 0.999063 -0.0432004 0.00263685 0 0.0432775 0.997879 -0.0486318 0 -0.000530349 0.0487003 0.998813 0 8.95955 219.435 -9.90873 1 
p 0.998806 -0.0487745 0.00290842 0 0.0488583 0.997622 -0.048616 0 -0.000530279 0.0487 0.998813 0 9.93671 239.387 -10.8811 1 
p 0.998806 -0.0487741 0.00290753 0 0.0488501 0.995582 -0.0801919 0 0.00101661 0.0802382 0.996775 0 10.9137 259.299 -12.4849 1 
p 0.996755 -0.0803117 0.00544503 0 0.0804896 0.993535 -0.0800662 0 0.00102043 0.0802447 0.996775 0 12.5235 279.17 -14.0862 1 
p 0.996755 -0.0803117 0.00544503 0 0.0804896 0.993535 -0.0800662 0 0.00102043 0.0802447 0.996775 0 14.1333 299.04 -15.6875 1 
p 0.996755 -0.0803117 0.00544503 0 0.0804896 0.993535 -0.0800662 0 0.00102043 0.0802447 0.996775 0 15.7431 318.911 -17.2889 1 
p 0.996755 -0.0803061 0.00548043 0 0.0804057 0.990197 -0.114217 0 0.00374561 0.114287 0.993441 0 17.3512 338.715 -19.5732 1 
p 0.993396 -0.114347 0.00941495 0 0.114673 0.986845 -0.113962 0 0.0037401 0.114289 0.993441 0 19.6447 358.452 -21.8524 1 
p 0.993396 -0.114352 0.00937199 0 0.114733 0.99054 -0.0752792 0 -0.00067502 0.0758574 0.997118 0 21.9393 378.263 -23.358 1 
p 0.997108 -0.0757211 0.00642748 0 0.0759905 0.994239 -0.0755882 0 -0.000666826 0.0758581 0.997118 0 23.4591 398.148 -24.8698 1 
#Radii
r 2.397
r 2.397
r 0
#Path
p 0.996755 -0.0803117 0.00544503 0 0.0804896 0.993535 -0.0800662 0 0.00102043 0.0802447 0.996775 0 15.7431 318.911 -17.2889 1 
p 0.996755 -0.0803061 0.00548043 0 0.0804057 0.990197 -0.114217 0 0.00374561 0.114287 0.993441 0 17.3512 338.715 -19.5732 1 
p 0.987482 -0.0635033 0.144381 0 0.148694 0.679129 -0.718801 0 -0.0524351 0.73127 0.68007 0 23.299 365.88 -48.3252 1 
#Radii
r 2.397
r 2.397
r 0
#Path
p 0.996755 -0.0803117 0.00544503 0 0.0804896 0.993535 -0.0800662 0 0.00102043 0.0802447 0.996775 0 15.7431 318.911 -17.2889 1 
p 0.996755 -0.0803061 0.00548043 0 0.0804057 0.990197 -0.114217 0 0.00374561 0.114287 0.993441 0 17.3512 338.715 -19.5732 1 
p 0.834792 -0.129372 -0.53515 0 -0.288527 0.725254 -0.625107 0 0.468928 0.676282 0.56811 0 5.81011 367.725 -44.5775 1 
#Radii
r 3.284
r 3.284
r 2.097
r 1.503
r 0
#Path
p 0.996755 -0.0803117 0.00544503 0 0.0804896 0.993535 -0.0800662 0 0.00102043 0.0802447 0.996775 0 12.5235 279.17 -14.0862 1 
p 0.996755 -0.0803117 0.00544503 0 0.0804896 0.993535 -0.0800662 0 0.00102043 0.0802447 0.996775 0 14.1333 299.04 -15.6875 1 
p 0.942998 -0.0505006 0.328944 0 0.269639 0.694997 -0.666539 0 -0.194987 0.717233 0.668997 0 24.9188 326.84 -42.3491 1 
p 0.974459 -0.0538168 0.218021 0 0.170686 0.808062 -0.563828 0 -0.145867 0.58663 0.796611 0 31.7463 359.163 -64.9022 1 
p 0.974459 -0.0538168 0.218021 0 0.170686 0.808062 -0.563828 0 -0.145867 0.58663 0.796611 0 38.5737 391.485 -87.4553 1 
#Radii
r 3.284
r 3.284
r 2.097
r 1.504
r 0
#Path
p 0.996755 -0.0803117 0.00544503 0 0.0804896 0.993535 -0.0800662 0 0.00102043 0.0802447 0.996775 0 12.5235 279.17 -14.0862 1 
p 0.996755 -0.0803117 0.00544503 0 0.0804896 0.993535 -0.0800662 0 0.00102043 0.0802447 0.996775 0 14.1333 299.04 -15.6875 1 
p 0.996103 -0.0834635 -0.0285128 0 0.0845041 0.810899 0.579052 0 -0.0252026 -0.579205 0.814792 0 17.5135 331.476 7.47454 1 
p 0.999938 0.0107798 0.0026962 0 -0.0109061 0.902441 0.430675 0 0.00221568 -0.430677 0.902503 0 17.0772 367.574 24.7015 1 
p 0.999938 0.0107798 0.0026962 0 -0.0109061 0.902441 0.430675 0 0.00221568 -0.430677 0.902503 0 16.641 403.672 41.9285 1 
#Radii
r 4.336
r 4.336
r 2.588
r 2.013
r 1.93
r 1.25
r 0
#Path
p 0.998806 -0.0487745 0.00290842 0 0.0488583 0.997622 -0.048616 0 -0.000530279 0.0487 0.998813 0 9.93671 239.387 -10.8811 1 
p 0.998806 -0.0487741 0.00290753 0 0.0488501 0.995582 -0.0801919 0 0.00101661 0.0802382 0.996775 0 10.9137 259.299 -12.4849 1 
p 0.94423 -0.0198947 0.328685 0 -0.17162 0.822011 0.542997 0 -0.281012 -0.569112 0.772751 0 4.04891 292.18 9.23497 1 
p 0.977128 0.00584189 0.21257 0 -0.0960026 0.903892 0.416848 0 -0.189736 -0.427708 0.883779 0 0.208803 328.335 25.9089 1 
p 0.977128 0.00584189 0.21257 0 -0.0960026 0.903892 0.416848 0 -0.189736 -0.427708 0.883779 0 -3.6313 364.491 42.5828 1 
p 0.977125 0.00583495 0.212585 0 -0.12405 0.827317 0.547867 0 -0.172709 -0.561694 0.809118 0 -8.59331 397.584 64.4975 1 
p 0.94634 0.133174 0.294458 0 -0.273086 0.816516 0.508651 0 -0.172722 -0.561762 0.809068 0 -19.5168 430.244 84.8435 1 
#Radii
r 4.336
r 4.336
r 2.578
r 2.033
r 1.92
r 1.251
r 0
#Path
p 0.998806 -0.0487745 0.00290842 0 0.0488583 0.997622 -0.048616 0 -0.000530279 0.0487 0.998813 0 9.93671 239.387 -10.8811 1 
p 0.998806 -0.0487741 0.00290753 0 0.0488501 0.995582 -0.0801919 0 0.00101661 0.0802382 0.996775 0 10.9137 259.299 -12.4849 1 
p 0.67419 0.642143 0.364857 0 -0.501478 0.760707 -0.412122 0 -0.54217 0.0947976 0.834905 0 -9.14542 289.727 -28.9698 1 
p 0.801658 0.513704 0.3057 0 -0.433906 0.851816 -0.293488 0 -0.411153 0.10256 0.905778 0 -26.5017 323.8 -40.7093 1 
p 0.801658 0.513704 0.3057 0 -0.433906 0.851816 -0.293488 0 -0.411153 0.10256 0.905778 0 -43.8579 357.873 -52.4489 1 
p 0.90175 0.371991 0.22016 0 -0.33715 0.924024 -0.180305 0 -0.270497 0.0883099 0.958662 0 -57.3439 394.834 -59.6611 1 
p 0.90175 0.371991 0.22016 0 -0.33715 0.924024 -0.180305 0 -0.270497 0.0883099 0.958662 0 -70.8299 431.795 -66.8733 1 
